Template: MS_SettingsTemplate_Nesting
RainIntensity: 0.2717391
WaveSpeed: 0.4997514
WaveLength: 0.9998757
WaveAmplitude: 5.765499E-05
SecondWaveLength: 0.1666667
SecondWaveAmplitude: 0
Clouds: 0.04347826
Grime: 0.1630435
Effects: AboveCloudsView-0.03866627-20-20, 
FadePalette: 37, 0.5693842
BackgroundOffset: 0,309.329
BackgroundType: atc_default_msc
